Xjk=	 [[0 0 0 0 0 0 0 0 0 0 27 82 0 0 0 0 0 0 0 0 0 0 0 0 0 0 0 0 73 7 0 0 0 0 0
         0 0 0 92 0 14 0 0 0 0 0 0 0 0 0]
         [0 0 0 0 0 45 72 0 0 0 0 0 0 0 0 91 0 0 0 0 0 0 0 0 0 0 0 0 0 0 0
         0 0 38 0 0 12 0 0 0 0 0 0 0 43 0 0 0 0 0]
         [0 0 0 0 0 0 0 88 0 0 0 0 0 71 0 0 0 0 0 0 12 0 0 0 0 46 0 0 0 0 0
         0 0 0 25 12 0 0 0 0 0 55 0 0 0 0 0 0 0 0]
         [0 24 0 0 21 0 0 0 0 0 0 0 0 0 52 0 0 0 0 0 0 0 0 0 0 0 0 54 0 0 0
         0 0 0 0 0 0 0 0 0 0 0 0 0 0 0 0 40 0 0]
         [0 0 0 0 0 0 0 0 0 0 0 0 89 0 0 0 0 0 0 0 0 0 0 0 66 0 0 0 0 0 0 0
         0 0 0 0 0 0 0 0 0 0 0 0 0 36 0 0 0 0]
         [21 0 36 0 38 0 0 0 0 56 0 0 0 0 0 0 0 0 0 0 59 0 0 0 0 0 0 0 0 0
         0 85 0 0 0 0 0 0 0 0 0 0 0 21 0 0 0 0 0 0]
         [0 0 0 0 0 0 0 0 81 0 0 0 0 0 0 0 0 0 0 0 0 48 75 0 0 0 0 0 0 0 0
         0 0 0 0 0 0 0 0 0 0 0 79 0 0 0 0 0 0 0]
         [0 0 0 0 0 0 0 0 0 0 0 0 0 0 0 0 0 59 0 0 0 0 0 0 0 0 0 0 0 30 93
         0 0 0 0 0 0 0 0 0 0 0 0 0 0 0 37 0 0 0]
         [36 0 0 0 0 0 0 0 0 0 0 0 0 0 0 0 0 0 25 0 0 0 0 23 0 0 79 0 0 0 0
         0 0 0 0 0 0 80 0 52 0 0 0 0 0 0 0 0 0 0]
         [38 0 0 49 0 0 0 0 0 0 0 0 0 0 0 0 25 0 0 74 0 0 0 0 0 0 0 0 0 0 0
         0 37 0 0 0 38 0 0 0 0 0 0 0 0 0 0 0 32 13]]
Uj=		 [1 1 1 1 1 1 1 1 1 1]
Dk=		 [95 24 36 49 59 45 72 88 81 56 27 82 89 71 52 91 25 59 25 74 71 48 75 23 66
     46 79 54 73 37 93 85 37 38 25 12 50 80 92 52 14 55 79 21 43 36 37 40 32
     13]
Optim        = 94799
Cost     D2R = 94799
