Xjk=	 [[0 0 0 0 0 0 0 0 0 0 0 0 0 0 0 0 0 0 68 0 0 32 0 0 0 0 0 0 0 0 0 0 80 0 98 0 0 69 0 0 0 0 0 0 0 0 0 0 85 0]
	  [94 0 0 0 0 0 0 0 0 0 0 0 0 0 0 0 21 0 0 0 0 0 0 0 0 0 0 0 0 0 0 0 0 0 0 0 0 1 0 0 0 0 79 0 0 0 0 0 0 0]
	  [0 0 0 0 0 0 0 0 0 0 0 0 0 0 85 0 0 0 0 60 0 0 0 0 0 0 0 0 0 30 0 17 0 0 0 35 0 0 0 0 0 0 0 0 30 0 72 0 0 0]
	  [0 0 0 0 0 0 0 0 0 0 0 0 0 0 0 0 0 0 0 0 0 0 0 0 0 0 39 0 0 0 0 0 0 0 0 0 0 0 0 0 68 0 0 0 0 12 0 0 0 0]
	  [0 0 0 0 0 0 43 0 0 0 0 0 0 0 0 0 0 0 0 0 0 0 0 58 0 0 0 0 0 0 0 0 0 0 0 0 0 0 0 48 0 0 0 81 0 0 0 26 0 0]
	  [0 0 0 31 0 12 0 0 0 0 99 0 92 0 0 0 0 0 0 0 0 0 0 0 0 0 0 88 0 0 0 0 0 0 0 0 0 0 0 0 0 0 0 0 0 0 0 0 0 0]
	  [0 0 0 0 0 0 0 0 0 0 0 0 0 0 0 0 0 0 0 0 0 0 0 0 0 0 0 0 0 0 0 0 0 34 0 0 0 0 0 0 0 96 0 0 0 0 0 0 0 0]
	  [0 47 0 0 0 0 0 0 0 0 0 0 0 0 0 0 0 97 0 0 22 0 84 0 94 32 0 0 0 0 92 0 0 0 0 0 0 0 0 0 0 0 0 0 0 0 0 0 0 0]
	  [0 0 0 0 0 0 0 0 30 85 0 61 0 93 0 0 0 0 0 0 0 0 0 0 0 0 0 0 0 0 0 40 0 0 0 0 0 0 0 0 0 0 0 0 0 0 0 0 0 99]
	  [0 0 91 0 28 0 0 32 0 0 0 0 0 0 0 30 0 0 0 0 0 0 0 0 0 0 0 0 54 0 0 0 0 0 0 0 78 0 34 0 0 0 0 0 0 0 0 0 0 0]]

Uj=		 [1 1 1 1 1 1 1 1 1 1]

Dk=		 [94 47 91 31 28 12 43 32 30 85 99 61 92 93 85 30 21 97 68 60 22 32 84 58 94 32 39 88 54 30 92 57 80 34 98 35 78 70 34 48 68 96 79 81 30 12 72 26 85 99]

Optim	= 102510
Cost D2R	= 102510