Xjk=	 [[0 0 0 0 0 0 0 0 0 0 0 0 45 0 0 0 0 0 0 0 0 0 0 0 0 0 0 0 0 0 0 0 0 0 0 0 0 0 99 0 67 0 0 0 0 0 0 45 0 0]
	  [0 0 56 0 0 18 0 68 0 0 10 0 0 0 12 0 0 0 0 0 0 0 0 0 52 0 0 0 87 0 0 12 0 0 0 0 0 0 0 69 0 0 0 0 0 0 0 0 0 0]
	  [0 0 6 0 0 0 0 0 0 0 0 0 0 0 0 0 12 0 0 0 0 30 0 0 0 10 0 0 0 0 63 0 0 0 0 0 0 0 0 0 0 0 0 0 0 0 0 0 0 0]
	  [0 0 0 0 0 0 0 0 0 0 0 0 0 82 0 0 0 0 0 24 0 0 0 0 0 0 0 0 0 0 0 0 0 0 0 0 0 0 0 0 0 0 0 0 0 40 0 0 30 0]
	  [0 99 0 0 0 0 0 0 0 76 0 0 0 0 0 0 0 0 0 0 0 0 0 0 0 0 40 0 0 0 0 0 0 0 79 0 64 0 0 0 0 0 0 0 0 0 0 0 0 0]
	  [0 0 0 0 0 0 53 0 0 0 0 0 0 0 0 0 0 82 0 0 0 0 0 58 0 0 0 68 0 0 0 0 0 0 0 0 0 0 0 0 0 0 26 0 0 0 11 0 0 27]
	  [0 0 0 0 0 0 0 0 0 0 0 0 0 0 0 0 0 0 0 0 98 0 0 0 0 0 0 0 0 0 0 0 0 0 0 0 0 0 0 0 0 63 0 48 0 0 0 0 0 0]
	  [13 0 0 0 56 0 0 0 15 0 0 0 0 0 0 82 0 0 0 0 0 0 0 0 0 0 0 0 0 25 0 0 0 0 0 46 0 0 0 0 0 0 0 0 0 0 0 0 0 0]
	  [0 0 0 66 0 0 0 0 0 0 0 69 0 0 0 0 0 0 87 0 0 0 0 0 0 0 0 0 0 0 0 0 0 57 0 0 0 0 0 0 0 0 0 0 45 0 0 0 0 0]
	  [0 0 0 0 0 0 0 0 0 0 0 0 0 0 0 0 0 0 0 0 0 0 32 0 0 0 0 0 0 0 0 0 52 0 0 0 0 81 0 0 0 0 0 0 0 0 0 0 0 0]]

Uj=		 [1 1 1 1 1 1 1 1 1 1]

Dk=		 [13 99 62 66 56 18 53 68 15 76 10 69 45 82 12 82 12 82 87 24 98 30 32 58 52 10 40 68 87 25 63 12 52 57 79 46 64 81 99 69 67 63 26 48 45 40 11 45 30 27]

Optim	= 94549
Cost D2R	= 94549