Xjk=	 [[0 0 0 0 0 0 0 0 0 0 0 0 0 0 0 0 0 0 0 0 0 0 0 0 0 0 0 0 0 0 0 86 48 0 0 0 0 0 0 0 0 15 0 0 0 0 0 93 0 0]
	  [0 0 0 0 0 0 0 0 0 0 0 0 35 0 0 0 0 0 0 0 0 73 0 0 0 0 0 49 0 0 0 0 0 0 0 0 97 0 0 0 77 0 0 0 0 59 0 0 0 0]
	  [0 0 0 0 0 0 0 0 41 0 0 68 0 0 0 0 0 0 0 0 39 0 0 0 0 0 0 0 38 0 0 0 0 0 0 0 0 0 0 0 0 0 0 0 0 0 0 0 0 0]
	  [0 0 0 0 0 0 0 0 0 0 80 0 0 0 0 31 0 0 0 0 0 0 0 0 0 0 0 0 0 0 0 0 0 0 0 0 0 0 0 0 0 0 35 0 0 0 0 0 0 13]
	  [0 0 0 0 0 0 0 0 0 0 0 0 0 15 0 0 19 0 0 0 0 0 0 0 0 0 0 0 0 0 0 0 0 0 0 69 0 0 0 0 0 0 0 0 0 0 0 0 0 0]
	  [0 0 0 84 0 0 0 0 0 26 0 0 0 0 0 0 0 0 11 0 0 0 0 0 0 12 0 0 0 0 47 0 0 0 0 0 0 0 0 0 0 0 0 0 69 0 44 0 0 0]
	  [28 47 0 0 0 34 97 0 0 0 0 0 0 0 0 0 0 0 0 0 0 0 0 0 0 0 0 0 0 43 0 0 0 0 0 0 0 54 0 0 10 0 0 0 0 0 0 0 0 0]
	  [0 0 0 0 0 0 0 0 0 0 0 0 0 0 96 0 0 0 0 0 0 0 0 0 75 0 82 0 0 0 0 0 0 11 0 0 0 0 0 0 0 0 0 0 0 0 0 0 26 0]
	  [0 0 0 0 41 0 0 0 0 0 0 0 0 0 0 0 0 0 0 0 0 0 90 0 0 68 0 0 0 0 0 0 0 0 0 0 0 0 0 71 0 0 0 98 0 0 0 0 0 0]
	  [0 0 32 0 0 0 0 48 0 0 0 0 0 0 0 0 0 57 0 14 0 0 0 95 0 0 0 0 0 0 0 0 0 0 33 0 0 0 86 0 0 0 0 0 0 0 0 0 0 0]]

Uj=		 [1 1 1 1 1 1 1 1 1 1]

Dk=		 [28 47 32 84 41 34 97 48 41 26 80 68 35 15 96 31 19 57 11 14 39 73 90 95 75 80 82 49 38 43 47 86 48 11 33 69 97 54 86 71 87 15 35 98 69 59 44 93 26 13]

Optim	= 99327
Cost D2R	= 99327