Xjk=	 [[0 0 0 0 0 0 0 0 0 22 0 93 0 0 78 0 82 0 0 35 0 0 0 0 33 26 0 0 0 0 0 0 0 0 16 0 0 0 0 0 0 0 0 0 0 0 0 0 0 35]
	  [0 0 0 67 0 0 0 0 0 0 0 0 0 0 0 0 0 0 0 0 0 0 0 0 0 0 0 0 37 0 60 0 0 0 0 0 93 0 0 0 0 0 0 0 0 0 0 0 0 0]
	  [0 91 0 0 0 0 0 0 0 0 72 0 59 0 0 0 0 0 0 0 0 47 0 0 0 0 0 0 0 0 0 0 0 0 0 0 0 0 0 0 0 0 0 0 67 0 0 0 0 0]
	  [37 0 0 0 51 0 0 0 0 0 0 0 0 82 0 89 0 0 0 0 0 0 0 0 0 0 97 0 0 17 0 0 0 17 0 0 0 0 0 0 0 0 0 0 0 0 0 0 0 0]
	  [0 0 80 0 0 0 0 0 0 0 0 0 0 0 0 0 0 0 0 0 0 0 98 0 0 0 0 77 0 0 0 0 0 0 0 0 0 0 0 0 0 0 0 0 0 82 0 0 0 0]
	  [0 0 0 0 0 0 0 0 70 0 0 0 0 0 0 0 0 0 50 0 0 0 0 0 0 0 0 0 0 0 0 0 0 0 0 0 0 0 0 89 32 0 0 0 0 0 0 0 0 0]
	  [0 0 0 0 0 0 0 0 0 0 0 0 0 0 0 0 0 44 0 0 0 0 0 0 0 0 0 0 0 0 0 0 0 0 0 47 0 0 0 0 0 0 91 47 0 0 0 0 0 0]
	  [0 0 0 0 0 0 0 42 0 0 0 0 0 0 0 0 0 0 0 0 83 0 0 73 0 0 0 0 0 0 0 0 49 0 0 0 0 0 0 0 0 0 0 0 0 0 0 0 0 0]
	  [0 0 0 0 0 36 50 0 0 0 0 0 0 0 0 0 0 0 0 0 0 0 0 0 0 0 0 0 0 0 0 96 0 0 0 0 0 0 79 0 0 0 0 0 0 0 0 0 0 0]
	  [0 0 0 0 0 0 0 0 0 0 0 0 0 0 0 0 0 0 0 0 0 0 0 0 0 0 0 0 0 0 0 0 0 0 0 0 0 52 0 0 0 20 0 0 0 0 67 90 60 0]]

Uj=		 [1 1 1 1 1 1 1 1 1 1]

Dk=		 [37 91 80 67 51 36 50 42 70 22 72 93 59 82 78 89 82 44 50 35 83 47 98 73 33 26 97 77 37 17 60 96 49 17 16 47 93 52 79 89 32 20 91 47 67 82 67 90 60 35]

Optim	= 105389
Cost D2R	= 105389