Xjk=	 [[0 0 0 0 0 0 0 0 0 0 14 0 0 0 0 0 0 0 0 0 0 0 0 0 0 0 0 0 0 0 0 0 0 0 0 0 0 0 0 0 31 0 0 0 0 0 0 0 0 0]
	  [0 0 0 0 0 0 0 0 0 0 0 0 0 0 0 0 0 0 0 0 0 0 25 28 0 0 0 0 0 29 0 0 0 0 0 0 0 0 0 0 0 0 0 89 0 0 0 39 0 16]
	  [0 0 0 0 64 0 0 0 0 0 0 0 0 0 0 0 0 0 0 17 0 0 0 0 0 0 0 0 0 0 0 0 93 0 0 92 0 0 23 97 0 0 0 0 100 0 10 0 0 0]
	  [48 0 0 87 0 0 0 0 0 0 0 0 0 0 0 0 0 0 0 0 0 0 0 0 0 0 0 0 0 0 0 0 0 0 0 0 0 0 0 0 0 57 0 0 0 0 0 0 0 0]
	  [0 0 0 0 0 0 34 0 0 46 0 0 0 0 0 82 0 0 0 0 0 0 0 0 0 61 59 58 0 0 0 0 0 0 0 0 0 74 0 0 0 0 0 0 0 0 0 0 73 0]
	  [0 0 0 0 0 0 0 0 70 0 0 0 0 0 0 0 0 0 0 0 0 0 0 0 0 0 0 0 0 0 80 0 0 50 0 0 0 0 0 0 0 0 0 0 0 0 0 0 0 0]
	  [0 0 0 0 0 58 0 0 0 0 0 0 66 0 49 0 0 72 0 0 0 0 0 0 24 0 0 0 94 0 0 0 0 0 0 0 0 0 0 0 0 0 0 0 0 0 0 0 0 0]
	  [0 0 0 0 0 0 0 0 0 0 0 0 0 0 0 0 64 0 0 68 0 15 0 0 0 0 0 0 0 0 0 0 0 0 53 0 0 0 0 0 0 0 0 0 0 0 0 0 0 0]
	  [0 17 0 0 0 0 0 0 0 0 0 94 0 31 0 0 0 0 22 0 0 0 0 0 0 0 0 0 0 0 0 36 0 0 0 0 86 0 0 0 0 0 0 0 0 0 0 0 0 0]
	  [0 0 19 0 0 0 0 76 0 0 0 0 0 0 0 0 0 0 0 0 64 0 0 0 0 0 0 0 0 0 0 0 0 0 0 0 0 0 0 0 0 0 69 0 0 94 0 0 0 0]]

Uj=		 [1 1 1 1 1 1 1 1 1 1]

Dk=		 [48 17 19 87 64 58 34 76 70 46 14 94 66 31 49 82 64 72 22 85 64 15 25 28 24 61 59 58 94 29 80 36 93 50 53 92 86 74 23 97 31 57 69 89 100 94 10 39 73 16]

Optim	= 102655
Cost D2R	= 102655