Xjk=	 [[0 0 0 0 0 0 0 0 0 0 0 0 0 0 0 0 0 0 0 0 0 0 0 0 0 0 0 0 0 0 0 0 0 0 0 0 0 0 71 0 0 0 0 0 0 0 0 0 0 0]
	  [0 0 0 0 0 0 0 0 0 0 56 0 0 0 0 0 81 0 0 0 0 0 0 0 0 0 0 0 0 8 0 0 0 0 0 0 0 0 0 0 0 0 0 0 0 0 0 0 0 0]
	  [0 0 0 0 0 0 0 0 0 17 0 0 0 33 0 0 0 0 0 0 0 0 0 0 0 0 0 0 0 0 0 0 0 0 0 0 0 81 0 34 0 0 0 0 0 0 0 0 88 0]
	  [20 0 0 0 0 0 0 0 0 0 0 0 0 0 0 0 0 0 49 0 0 0 0 0 11 0 0 0 0 0 0 96 0 0 0 0 0 0 0 0 46 0 0 17 0 0 50 0 0 0]
	  [0 0 0 0 0 27 0 0 0 0 0 62 0 0 0 0 0 0 0 0 0 0 0 0 0 0 0 0 0 0 0 0 0 0 0 0 0 0 0 0 0 0 0 0 0 0 0 0 0 0]
	  [0 0 0 0 0 0 0 0 44 0 0 0 0 0 0 0 0 0 0 0 0 0 0 0 0 0 61 0 32 0 38 0 0 0 0 0 0 0 0 0 0 0 0 0 0 42 0 0 0 0]
	  [0 0 0 0 0 0 0 85 0 0 0 0 0 0 40 0 0 91 0 0 0 0 0 0 0 0 0 0 0 17 0 0 0 88 0 0 0 0 0 0 0 0 0 0 71 0 0 57 0 0]
	  [0 0 0 0 0 0 92 0 0 0 0 0 0 0 0 0 0 0 0 0 62 20 0 73 0 38 0 17 0 0 0 0 0 0 58 0 0 0 0 0 0 78 0 0 0 0 0 0 0 0]
	  [0 0 0 76 0 0 0 0 0 0 0 0 0 0 0 78 0 0 0 98 0 0 51 0 0 0 0 0 0 0 0 0 36 0 0 0 22 0 0 5 0 0 0 0 0 0 0 0 0 96]
	  [0 77 61 0 98 0 0 0 0 0 0 0 29 0 0 0 0 0 0 0 0 0 0 0 0 0 0 0 0 0 0 0 0 0 9 52 0 0 0 0 0 0 18 0 0 0 0 0 0 0]]

Uj=		 [1 1 1 1 1 1 1 1 1 1]

Dk=		 [20 77 61 76 98 27 92 85 44 17 56 62 29 33 40 78 81 91 49 98 62 20 51 73 11 38 61 17 32 25 38 96 36 88 67 52 22 81 71 39 46 78 18 17 71 42 50 57 88 96]

Optim	= 98537
Cost D2R	= 98537