Xjk=	 [[0 13 0 0 0 0 0 0 0 0 0 0 0 0 0 0 0 0 0 0 0 29 0 0 0 0 0 0 0 0 0 0 0 79 0 0 0 0 13 0 0 0 0 0 0 0 0 0 71 0]
	  [0 0 74 0 0 0 0 0 0 0 0 0 0 0 0 0 17 0 0 43 0 0 0 0 0 0 0 0 0 0 67 0 0 0 0 0 0 0 0 0 0 0 0 0 0 0 0 0 0 52]
	  [0 0 0 0 0 0 0 0 0 0 0 0 0 0 0 0 0 10 0 0 99 0 23 0 0 0 0 0 0 0 0 0 57 0 0 0 0 0 0 46 0 0 0 0 0 50 0 0 0 0]
	  [0 0 0 0 0 0 0 0 0 0 0 89 0 0 0 0 46 0 0 0 0 0 0 0 0 0 0 0 0 0 0 55 0 0 0 0 0 0 0 0 0 0 0 0 0 0 0 87 0 0]
	  [15 0 0 0 0 0 41 0 0 0 0 0 0 0 0 14 0 0 73 0 0 0 0 0 0 0 0 0 0 0 0 0 0 0 31 0 0 0 0 0 0 0 0 73 0 0 70 0 0 0]
	  [0 0 0 0 0 0 0 0 0 69 0 0 26 0 0 0 0 0 0 0 0 0 13 0 0 0 69 52 0 0 0 0 0 0 0 0 0 0 0 0 0 83 0 0 0 0 0 0 0 0]
	  [0 0 0 0 0 0 0 0 0 0 73 0 0 0 0 0 0 0 0 0 0 0 0 50 35 0 0 0 0 39 0 0 0 0 0 26 18 20 0 0 0 0 0 0 0 0 0 0 0 0]
	  [0 0 0 85 0 56 0 0 0 0 0 0 0 0 0 0 0 0 0 0 0 0 0 0 0 0 0 0 18 0 0 0 0 0 0 51 0 0 0 0 0 0 79 0 0 0 0 0 0 0]
	  [0 0 0 0 0 0 0 38 48 0 0 0 0 72 64 0 0 0 0 0 0 0 0 0 0 0 0 0 0 0 0 0 0 0 0 0 0 0 0 0 79 0 0 0 0 0 0 0 0 0]
	  [0 0 0 0 64 0 0 28 0 0 0 0 0 0 0 0 0 0 0 0 0 0 0 0 0 36 0 0 0 0 0 0 0 0 0 0 0 0 0 0 0 0 0 0 97 0 0 0 0 0]]

Uj=		 [1 1 1 1 1 1 1 1 1 1]

Dk=		 [15 13 74 85 64 56 41 66 48 69 73 89 26 72 64 14 63 10 73 43 99 29 36 50 35 36 69 52 18 39 67 55 57 79 31 77 18 20 13 46 79 83 79 73 97 50 70 87 71 52]

Optim	= 97284
Cost D2R	= 97284