Xjk=	 [[0 0 0 0 0 27 0 0 0 0 0 0 0 0 0 0 0 76 0 0 0 0 0 0 0 0 0 0 0 0 0 0 0 0 0 0 0 0 0 0 0 0 0 0 0 0 0 0 0 0]
	  [0 0 0 41 0 0 0 0 0 0 0 0 40 0 48 0 0 0 0 0 0 0 0 74 0 0 0 0 0 0 0 0 0 0 0 72 0 0 0 0 0 0 0 0 0 0 0 0 0 94]
	  [0 0 0 0 0 0 0 0 0 0 0 99 0 0 0 0 0 0 0 0 0 30 0 0 0 0 0 0 94 0 0 0 0 56 0 0 0 0 0 0 0 0 0 0 0 0 0 0 0 0]
	  [41 0 0 0 0 0 0 0 79 44 0 0 0 0 0 29 0 0 70 0 0 0 0 0 0 50 0 0 0 0 0 0 0 0 29 0 0 0 0 0 0 0 0 0 0 0 63 0 0 0]
	  [0 0 0 0 0 0 0 0 0 0 0 0 0 0 0 0 0 0 0 0 0 0 0 0 0 0 0 90 0 0 0 0 0 0 0 0 0 39 0 0 0 0 0 27 0 0 0 0 0 0]
	  [0 0 0 0 0 0 0 0 0 0 37 0 0 20 0 0 0 0 0 0 0 0 0 0 0 0 0 0 0 72 0 0 0 0 0 0 0 0 0 78 0 0 0 0 0 0 0 0 0 0]
	  [0 0 0 0 0 0 0 0 0 0 0 0 0 0 0 0 0 0 0 0 0 0 0 0 0 0 0 0 0 0 14 94 0 0 0 0 0 0 0 0 48 0 0 0 0 0 21 0 0 0]
	  [0 0 0 0 0 0 0 52 0 0 0 0 0 0 0 0 84 0 0 83 0 0 0 0 0 0 0 0 0 0 0 0 0 0 0 0 66 0 24 0 0 12 12 0 72 33 0 0 0 0]
	  [0 47 75 0 60 0 0 0 0 0 0 0 0 0 0 0 0 0 0 0 0 0 0 0 0 0 0 0 0 0 0 0 0 0 0 0 0 0 0 0 0 0 41 0 0 0 0 91 0 0]
	  [0 0 0 0 0 0 43 0 0 0 0 0 0 0 0 0 0 0 0 0 63 0 34 0 87 0 47 0 0 0 0 0 59 0 0 0 0 0 0 0 0 0 0 0 0 0 0 0 54 0]]

Uj=		 [1 1 1 1 1 1 1 1 1 1]

Dk=		 [41 47 75 41 60 27 43 52 79 44 37 99 40 20 48 29 84 76 70 83 63 30 34 74 87 50 47 90 94 72 14 94 59 56 29 72 66 39 24 78 48 12 53 27 72 33 84 91 54 94]

Optim	= 98688
Cost D2R	= 98688