Xjk=	 [[0 60 0 0 0 0 78 0 68 0 0 0 11 0 0 0 0 0 0 0 26 0 0 0 0 0 0 0 9 0 0 0 0 0 0 0 0 0 0 0 0 0 0 0 0 0 0 0 0 0]
	  [0 0 0 0 0 0 0 0 0 0 0 0 0 0 0 0 0 25 48 0 0 0 0 0 0 0 0 0 67 21 0 0 0 0 0 0 0 0 0 0 0 0 53 0 33 0 0 0 0 0]
	  [80 0 0 0 0 14 0 0 0 0 0 0 0 0 0 34 0 0 0 0 0 0 0 0 0 0 0 0 0 0 0 0 0 0 0 0 0 0 0 0 0 0 0 0 0 40 79 0 0 0]
	  [0 0 0 0 0 0 0 54 0 0 0 0 0 39 0 0 0 0 0 0 0 0 0 0 0 0 0 0 0 0 0 0 0 0 0 0 0 62 26 0 0 0 0 89 0 0 0 0 0 0]
	  [0 0 0 65 0 78 0 0 0 0 0 0 0 0 0 0 32 0 0 0 0 0 0 0 0 0 0 0 0 0 0 0 0 0 0 0 71 0 0 0 0 0 0 6 0 0 0 0 0 0]
	  [0 0 0 0 0 0 0 0 0 0 0 0 0 0 44 0 0 0 0 0 0 12 0 0 0 21 0 0 8 0 0 0 0 71 0 0 0 0 0 40 0 0 0 0 0 0 0 0 0 66]
	  [0 0 0 10 0 0 0 0 0 0 0 16 0 0 0 0 0 0 0 0 0 0 0 60 0 0 10 1 0 0 0 0 0 0 0 0 0 0 0 0 0 0 0 0 0 0 0 77 0 0]
	  [0 0 66 0 0 0 0 0 0 37 0 0 0 0 49 0 0 0 0 0 0 0 0 0 0 0 0 0 0 0 0 41 12 0 0 0 0 0 0 0 12 0 0 0 0 0 0 0 0 0]
	  [0 0 0 0 0 0 0 0 0 0 32 0 0 0 0 0 0 0 0 31 0 0 0 0 0 0 0 18 0 0 0 0 0 0 0 29 0 0 0 0 0 89 0 0 0 0 0 0 56 0]
	  [0 0 0 0 14 0 0 0 0 0 0 0 0 0 0 0 0 0 0 0 0 63 34 0 73 0 0 0 0 0 20 0 0 0 61 0 0 0 0 0 0 0 0 0 0 0 0 0 0 0]]

Uj=		 [1 1 1 1 1 1 1 1 1 1]

Dk=		 [80 60 66 75 14 92 78 54 68 37 32 16 11 39 93 34 32 25 48 31 26 75 34 60 73 21 10 19 84 21 20 41 12 71 61 29 71 62 26 40 12 89 53 95 33 40 79 77 56 66]

Optim	= 90213
Cost D2R	= 90213