Xjk=	 [[0 0 0 0 0 0 0 0 0 0 0 0 0 0 87 0 83 0 0 0 0 0 0 0 0 0 0 0 0 0 0 70 0 0 0 22 0 0 0 0 0 0 0 0 0 0 82 0 0 0]
	  [0 0 0 0 0 0 0 0 0 0 0 0 0 0 0 0 0 0 0 0 0 0 0 0 0 14 0 0 0 0 0 0 0 95 0 0 0 0 0 0 0 0 0 0 37 0 0 0 70 85]
	  [0 0 0 0 35 0 0 0 0 44 0 0 0 38 0 0 0 23 0 0 0 0 0 0 0 0 0 0 0 77 0 0 0 0 28 0 78 0 0 0 15 0 0 0 3 0 0 74 0 0]
	  [0 0 0 0 0 0 0 0 20 0 0 41 0 0 0 0 0 0 55 0 76 0 28 0 0 0 0 0 0 0 0 0 0 0 0 0 0 0 58 0 0 0 0 0 0 80 0 0 0 0]
	  [11 0 0 0 0 0 0 0 0 0 0 0 0 0 0 0 0 0 0 0 0 0 0 0 26 0 0 0 0 0 81 0 0 0 0 0 0 33 0 78 0 0 0 0 0 0 0 0 0 0]
	  [0 0 64 0 0 0 0 12 0 0 40 0 0 0 0 85 0 0 0 74 0 0 9 0 0 0 0 0 0 0 0 0 0 0 0 9 0 0 0 0 0 58 0 31 0 0 0 0 0 0]
	  [0 0 0 0 0 0 0 0 0 0 0 0 0 0 0 0 0 0 0 0 0 0 0 0 0 0 0 0 0 0 0 0 0 0 0 0 0 0 0 0 0 0 0 0 0 0 0 0 0 0]
	  [0 0 0 0 0 0 0 0 0 0 0 0 0 0 0 0 0 0 0 0 0 72 0 0 0 0 0 0 0 0 0 0 0 0 0 0 0 0 0 0 0 0 0 0 0 0 0 0 0 0]
	  [0 30 0 0 0 0 0 0 0 0 0 0 83 0 0 0 0 0 0 0 0 0 0 16 0 0 99 0 0 0 0 0 94 0 0 42 0 0 0 0 0 0 0 0 0 0 0 0 0 0]
	  [0 0 0 92 0 64 25 0 0 0 0 0 0 0 0 0 0 0 0 0 0 21 0 0 0 0 0 17 99 0 0 0 0 0 0 0 0 0 0 0 0 0 20 0 0 0 0 0 0 0]]

Uj=		 [1 1 1 1 1 1 0 1 1 1]

Dk=		 [11 30 64 92 35 64 25 12 20 44 40 41 83 38 87 85 83 23 55 74 76 93 37 16 26 14 99 17 99 77 81 70 94 95 28 73 78 33 58 78 15 58 20 31 40 80 82 74 70 85]

Optim	= 98142
Cost D2R	= 98142